01149701227602440950100000000
01150703873304896775100000000
01158103965402000000100000000
01188201867900300000100000000
01191803362503660325100000000
01234404927102000000100000000
01269002335303323525100000000
01270000929702000000100000000
01302602775900500000100000000
01305501892302000000100000000
01307101824703377675100000000
01310702587602500000100000000
01315201698602500000100000000
01316501837500100000100000000
01321701327302500000100000000
01330102575202500000100000000
01334301241002471650100000000
01343701765300800000100000000
01350503760700961825100000000
01351801813102000000100000000
01353402184301495000100000000
01362801637503187275100000000
01363100882102929775100000000
01376701278403494300100000000
01377001706402876825100000000
01383501278503124600100000000
01551601675702389300100000000
01554501982202636675100000000
01560003523502500000100000000
01567101944300150000100000000
01575201739102500000100000000
01580402272302000000100000000
01585901837903720000100000000
01600703029502348700100000000
01607802295702923400100000000
01635301179802500000100000000