22612704930902000000100000000
22613002549600200000100000000
22614302536801800000100000000
22616902509002412875100000000
22628202519401500000100000000
22629502513202729575100000000
22630502513100100000100000000
22631803500102550275100000000
22633402531302820575100000000
22635002573800651675100000000
22637604919900200000100000000
22641502573501500000100000000
22652502525401500000100000000
22653802578002004975100000000
22654103734701000000100000000
22655402525301000000100000000
22657002525103166850100000000
22660602516101627500100000000
22661904138500120000100000000
22670302535001908500100000000
22676102526900500000100000000
22678702521402129475100000000
22679002530507129600204361220
22708702522902972975100000000
